306.84147098480787
650.8870469892595
53.925297074342204
943.9559053413016
366.97861900342104
796.9932504737303
595.9996789142434
182.9978512339318
423.98778252719165
20.969555949182322
364.9433220290668
24.90929742682568
982.8677631439117
748.8190622025224
722.7635968126582
716.701825050361
705.6342570745687
359.5614509138283
262.4840078576652
623.4025674906695
793.3178024103127
318.2304126721177
16.14112000805987
652.0506618659463
472.9597853190024
486.869240895964
291.7797763826311
746.6921306460749
132.60702753250303
352.52516988917773
854.4472337597609
24.373862801022476
246.3056629670261
140.24319750469206
100.18698230206903
280.1374816277321
732.095104296494
904.060200293097
557.0330578817676
251.01390122550907
343.00288853478907
548.000110760916
946.0055908448926
5.0192835279514005
57.04107572533686
670.0707874602463
107.1081733502176
443.15292463368706
858.204671719981
725.2629872416811
922.3273895841546
100.3973468631002
949.4722813172594
83.55157408001564
234.63457029047242
723.7205845018011
126.80890634218994
101.89880638164375
210.98954215618002
947.0803642996702
552.1705227326845
602.2592728572265
865.3458817061996
790.4296339968151
544.5098380379503
612.5858314426677
699.6569865987188
470.7227158518506
774.7824763591084
927.8357745720523
486.88217031286166
315.92128040966367
373.9527818610624
183.97641450373436
114.99198316105772
706.999359255032
795.9984818681744
564.9893582466234
116.97206374029471
965.9467411805833
259.91359970075155
480.87291300874483
292.82501712670035
395.7703076158162
772.7092363095019
197.64230758178851
872.5700741818187
546.4931326688167
905.4121184852418
122.3277007088135
350.24057652675066
733.1514654778607
669.0611035100326
59.97023690221015
996.8796161010441
331.7899895231242
867.7020973739761
309.616665534873
966.5343995679467
528.4559788891106